3,2
3,1
3,3
10,264
10,238
10,272
10,282
10,180
10,298
10,220
10,1
10,26
10,2
10,3
11,9
11,14
11,4
11,8
11,25
11,1
11,19
11,2
11,3
9,7
9,6
9,1
9,4
9,2
9,3
8,9
8,8
8,13
8,7
8,11
8,6
8,4
8,1
8,12
8,2
8,3
12,2
12,1
12,3
20,2
20,1
20,3
19,2
19,1
19,3
18,1
18,3
48,11
14,1
48,10
48,9
48,8
48,7
48,6
48,5
48,4
48,3
14,3
48,2
13,1
48,1
48,0
47,8
47,7
47,6
47,5
47,4
47,3
13,3
47,2
47,1
47,0
46,4
46,3
46,2
46,1
46,0
44,4
44,3
44,2
44,1
44,0
43,3
43,2
43,1
43,0
42,3
42,2
42,1
42,0
31,33
31,32
31,31
31,30
31,29
31,28
31,27
31,26
31,25
31,24
31,23
31,22
31,21
31,20
